@10000
1b 00 00 00
@10004
01 00 00 00
@10008
16 00 00 00
@1000c
01 00 00 00
@10010
1a 00 00 00
@10014
05 00 00 00
@10018
0a 00 00 00
@1001c
01 00 00 00
@10020
0c 00 00 00
@10024
02 00 00 00
@10028
05 00 00 00
@1002c
0b 00 00 00
@10030
03 00 00 00
@10034
07 00 00 00
@10038
1b 00 00 00
@1003c
05 00 00 00
@10040
0d 00 00 00
@10044
01 00 00 00
@10048
1b 00 00 00
@1004c
04 00 00 00
@10050
15 00 00 00
@10054
0a 00 00 00
@10058
0c 00 00 00
@1005c
02 00 00 00
@10060
07 00 00 00
@10064
07 00 00 00
@10068
06 00 00 00
@1006c
02 00 00 00
@10070
17 00 00 00
@10074
0c 00 00 00
@10078
0c 00 00 00
@1007c
01 00 00 00
@10080
0d 00 00 00
@10084
09 00 00 00
@10088
15 00 00 00
@1008c
06 00 00 00
@10090
0e 00 00 00
@10094
0a 00 00 00
@10098
16 00 00 00
@1009c
0b 00 00 00
@100a0
06 00 00 00
@100a4
08 00 00 00
@100a8
17 00 00 00
@100ac
08 00 00 00
@100b0
09 00 00 00
@100b4
06 00 00 00
@100b8
0e 00 00 00
@100bc
0c 00 00 00
@100c0
0a 00 00 00
@100c4
0c 00 00 00
@100c8
1b 00 00 00
@100cc
04 00 00 00
@100d0
0a 00 00 00
@100d4
05 00 00 00
@100d8
13 00 00 00
@100dc
08 00 00 00
@100e0
1f 00 00 00
@100e4
08 00 00 00
@100e8
1b 00 00 00
@100ec
09 00 00 00
@100f0
16 00 00 00
@100f4
0a 00 00 00
@100f8
01 00 00 00
@100fc
02 00 00 00
@10100
16 00 00 00
@10104
0a 00 00 00
@10108
06 00 00 00
@1010c
07 00 00 00
@10110
08 00 00 00
@10114
08 00 00 00
@10118
1d 00 00 00
@1011c
0a 00 00 00
@10120
1c 00 00 00
@10124
04 00 00 00
@10128
16 00 00 00
@1012c
04 00 00 00
@10130
16 00 00 00
@10134
07 00 00 00
@10138
1e 00 00 00
@1013c
09 00 00 00
@10140
1a 00 00 00
@10144
07 00 00 00
@10148
17 00 00 00
@1014c
01 00 00 00
@10150
05 00 00 00
@10154
08 00 00 00
@10158
08 00 00 00
@1015c
02 00 00 00
@10160
05 00 00 00
@10164
06 00 00 00
@10168
14 00 00 00
@1016c
01 00 00 00
@10170
10 00 00 00
@10174
06 00 00 00
@10178
0f 00 00 00
@1017c
02 00 00 00
@10180
03 00 00 00
@10184
03 00 00 00
@10188
14 00 00 00
@1018c
09 00 00 00
@10190
11 00 00 00
@10194
0b 00 00 00
@10198
07 00 00 00
@1019c
06 00 00 00
@101a0
1e 00 00 00
@101a4
0c 00 00 00
@101a8
0c 00 00 00
@101ac
09 00 00 00
@101b0
1c 00 00 00
@101b4
0c 00 00 00
@101b8
0b 00 00 00
@101bc
0c 00 00 00
@101c0
13 00 00 00
@101c4
06 00 00 00
@101c8
0e 00 00 00
@101cc
0b 00 00 00
@101d0
16 00 00 00
@101d4
03 00 00 00
@101d8
12 00 00 00
@101dc
07 00 00 00
@101e0
07 00 00 00
@101e4
07 00 00 00
@101e8
08 00 00 00
@101ec
08 00 00 00
@101f0
1c 00 00 00
@101f4
06 00 00 00
@101f8
08 00 00 00
@101fc
08 00 00 00
@10200
04 00 00 00
@10204
0c 00 00 00
@10208
02 00 00 00
@1020c
0b 00 00 00
@10210
03 00 00 00
@10214
04 00 00 00
@10218
04 00 00 00
@1021c
08 00 00 00
@10220
11 00 00 00
@10224
04 00 00 00
@10228
15 00 00 00
@1022c
07 00 00 00
@10230
05 00 00 00
@10234
0a 00 00 00
@10238
17 00 00 00
@1023c
01 00 00 00
@10240
10 00 00 00
@10244
03 00 00 00
@10248
1a 00 00 00
@1024c
05 00 00 00
@10250
07 00 00 00
@10254
05 00 00 00
@10258
11 00 00 00
@1025c
03 00 00 00
@10260
0b 00 00 00
@10264
0a 00 00 00
@10268
18 00 00 00
@1026c
07 00 00 00
@10270
08 00 00 00
@10274
03 00 00 00
@10278
17 00 00 00
@1027c
0b 00 00 00
@10280
11 00 00 00
@10284
08 00 00 00
@10288
07 00 00 00
@1028c
05 00 00 00
@10290
1c 00 00 00
@10294
07 00 00 00
@10298
0b 00 00 00
@1029c
01 00 00 00
@102a0
1e 00 00 00
@102a4
07 00 00 00
@102a8
04 00 00 00
@102ac
0b 00 00 00
@102b0
0c 00 00 00
@102b4
05 00 00 00
@102b8
1b 00 00 00
@102bc
01 00 00 00
@102c0
0c 00 00 00
@102c4
0c 00 00 00
@102c8
0e 00 00 00
@102cc
0c 00 00 00
@102d0
0a 00 00 00
@102d4
04 00 00 00
@102d8
15 00 00 00
@102dc
04 00 00 00
@102e0
08 00 00 00
@102e4
09 00 00 00
@102e8
07 00 00 00
@102ec
04 00 00 00
@102f0
1c 00 00 00
@102f4
05 00 00 00
@102f8
08 00 00 00
@102fc
0b 00 00 00
@10300
06 00 00 00
@10304
0c 00 00 00
@10308
14 00 00 00
@1030c
04 00 00 00
@10310
01 00 00 00
@10314
0a 00 00 00
@10318
1a 00 00 00
@1031c
03 00 00 00
@10320
11 00 00 00
@10324
03 00 00 00
@10328
1f 00 00 00
@1032c
07 00 00 00
@10330
09 00 00 00
@10334
07 00 00 00
@10338
1b 00 00 00
@1033c
0b 00 00 00
@10340
18 00 00 00
@10344
09 00 00 00
@10348
10 00 00 00
@1034c
03 00 00 00
@10350
0e 00 00 00
@10354
09 00 00 00
@10358
0e 00 00 00
@1035c
02 00 00 00
@10360
01 00 00 00
@10364
05 00 00 00
@10368
13 00 00 00
@1036c
0a 00 00 00
@10370
10 00 00 00
@10374
09 00 00 00
@10378
06 00 00 00
@1037c
05 00 00 00
@10380
13 00 00 00
@10384
07 00 00 00
@10388
18 00 00 00
@1038c
02 00 00 00
@10390
15 00 00 00
@10394
02 00 00 00
@10398
05 00 00 00
@1039c
07 00 00 00
@103a0
1e 00 00 00
@103a4
0a 00 00 00
@103a8
1b 00 00 00
@103ac
03 00 00 00
@103b0
12 00 00 00
@103b4
03 00 00 00
@103b8
0b 00 00 00
@103bc
08 00 00 00
@103c0
1b 00 00 00
@103c4
01 00 00 00
@103c8
17 00 00 00
@103cc
03 00 00 00
@103d0
15 00 00 00
@103d4
0b 00 00 00
@103d8
0d 00 00 00
@103dc
03 00 00 00
@103e0
1d 00 00 00
@103e4
0b 00 00 00
@103e8
14 00 00 00
@103ec
04 00 00 00
@103f0
10 00 00 00
@103f4
05 00 00 00
@103f8
1d 00 00 00
@103fc
09 00 00 00
@10400
15 00 00 00
@10404
0c 00 00 00
@10408
0f 00 00 00
@1040c
06 00 00 00
@10410
09 00 00 00
@10414
0b 00 00 00
@10418
0a 00 00 00
@1041c
04 00 00 00
@10420
1a 00 00 00
@10424
01 00 00 00
@10428
0d 00 00 00
@1042c
0c 00 00 00
@10430
17 00 00 00
@10434
0a 00 00 00
@10438
15 00 00 00
@1043c
02 00 00 00
@10440
08 00 00 00
@10444
0a 00 00 00
@10448
10 00 00 00
@1044c
01 00 00 00
@10450
05 00 00 00
@10454
0c 00 00 00
@10458
1f 00 00 00
@1045c
0a 00 00 00
@10460
1d 00 00 00
@10464
07 00 00 00
@10468
06 00 00 00
@1046c
0b 00 00 00
@10470
15 00 00 00
@10474
07 00 00 00
@10478
04 00 00 00
@1047c
04 00 00 00
@10480
18 00 00 00
@10484
05 00 00 00
@10488
0a 00 00 00
@1048c
0b 00 00 00
@10490
1b 00 00 00
@10494
05 00 00 00
@10498
0a 00 00 00
@1049c
02 00 00 00
@104a0
1c 00 00 00
@104a4
0a 00 00 00
@104a8
07 00 00 00
@104ac
0c 00 00 00
@104b0
16 00 00 00
@104b4
06 00 00 00
@104b8
14 00 00 00
@104bc
02 00 00 00
@104c0
11 00 00 00
@104c4
04 00 00 00
@104c8
10 00 00 00
@104cc
01 00 00 00
@104d0
01 00 00 00
@104d4
04 00 00 00
@104d8
0e 00 00 00
@104dc
04 00 00 00
@104e0
1c 00 00 00
@104e4
0b 00 00 00
@104e8
1f 00 00 00
@104ec
08 00 00 00
@104f0
16 00 00 00
@104f4
0b 00 00 00
@104f8
08 00 00 00
@104fc
07 00 00 00
@10500
11 00 00 00
@10504
05 00 00 00
@10508
10 00 00 00
@1050c
05 00 00 00
@10510
07 00 00 00
@10514
04 00 00 00
@10518
1c 00 00 00
@1051c
05 00 00 00
@10520
0c 00 00 00
@10524
08 00 00 00
@10528
16 00 00 00
@1052c
0a 00 00 00
@10530
19 00 00 00
@10534
01 00 00 00
@10538
11 00 00 00
@1053c
03 00 00 00
@10540
1b 00 00 00
@10544
01 00 00 00
@10548
15 00 00 00
@1054c
08 00 00 00
@10550
17 00 00 00
@10554
04 00 00 00
@10558
0d 00 00 00
@1055c
02 00 00 00
@10560
14 00 00 00
@10564
04 00 00 00
@10568
15 00 00 00
@1056c
0b 00 00 00
@10570
13 00 00 00
@10574
0a 00 00 00
@10578
1d 00 00 00
@1057c
0c 00 00 00
@10580
05 00 00 00
@10584
07 00 00 00
@10588
11 00 00 00
@1058c
03 00 00 00
@10590
12 00 00 00
@10594
06 00 00 00
@10598
19 00 00 00
@1059c
04 00 00 00
@105a0
08 00 00 00
@105a4
0b 00 00 00
@105a8
0b 00 00 00
@105ac
09 00 00 00
@105b0
14 00 00 00
@105b4
04 00 00 00
@105b8
02 00 00 00
@105bc
04 00 00 00
@105c0
08 00 00 00
@105c4
02 00 00 00
@105c8
14 00 00 00
@105cc
05 00 00 00
@105d0
09 00 00 00
@105d4
04 00 00 00
@105d8
06 00 00 00
@105dc
07 00 00 00
@105e0
02 00 00 00
@105e4
03 00 00 00
@105e8
1b 00 00 00
@105ec
03 00 00 00
@105f0
14 00 00 00
@105f4
01 00 00 00
@105f8
0a 00 00 00
@105fc
0c 00 00 00
@10600
18 00 00 00
@10604
03 00 00 00
@10608
1e 00 00 00
@1060c
0a 00 00 00
@10610
19 00 00 00
@10614
04 00 00 00
@10618
04 00 00 00
@1061c
04 00 00 00
@10620
1e 00 00 00
@10624
06 00 00 00
@10628
0f 00 00 00
@1062c
01 00 00 00
@10630
05 00 00 00
@10634
05 00 00 00
@10638
03 00 00 00
@1063c
0b 00 00 00
@10640
0e 00 00 00
@10644
0b 00 00 00
@10648
0d 00 00 00
@1064c
03 00 00 00
@10650
17 00 00 00
@10654
09 00 00 00
@10658
06 00 00 00
@1065c
09 00 00 00
@10660
1b 00 00 00
@10664
0a 00 00 00
@10668
05 00 00 00
@1066c
07 00 00 00
@10670
13 00 00 00
@10674
09 00 00 00
@10678
13 00 00 00
@1067c
0a 00 00 00
@10680
1f 00 00 00
@10684
01 00 00 00
@10688
1b 00 00 00
@1068c
0b 00 00 00
@10690
04 00 00 00
@10694
02 00 00 00
@10698
0b 00 00 00
@1069c
0b 00 00 00
@106a0
17 00 00 00
@106a4
06 00 00 00
@106a8
05 00 00 00
@106ac
07 00 00 00
@106b0
12 00 00 00
@106b4
05 00 00 00
@106b8
0d 00 00 00
@106bc
06 00 00 00
@106c0
03 00 00 00
@106c4
01 00 00 00
@106c8
12 00 00 00
@106cc
01 00 00 00
@106d0
03 00 00 00
@106d4
09 00 00 00
@106d8
04 00 00 00
@106dc
04 00 00 00
@106e0
0c 00 00 00
@106e4
07 00 00 00
@106e8
16 00 00 00
@106ec
04 00 00 00
@106f0
0e 00 00 00
@106f4
0a 00 00 00
@106f8
11 00 00 00
@106fc
0a 00 00 00
@10700
04 00 00 00
@10704
02 00 00 00
@10708
02 00 00 00
@1070c
05 00 00 00
@10710
17 00 00 00
@10714
06 00 00 00
@10718
12 00 00 00
@1071c
01 00 00 00
@10720
1a 00 00 00
@10724
02 00 00 00
@10728
02 00 00 00
@1072c
0a 00 00 00
@10730
11 00 00 00
@10734
05 00 00 00
@10738
19 00 00 00
@1073c
05 00 00 00
@10740
0b 00 00 00
@10744
04 00 00 00
@10748
18 00 00 00
@1074c
01 00 00 00
@10750
06 00 00 00
@10754
0a 00 00 00
@10758
11 00 00 00
@1075c
01 00 00 00
@10760
18 00 00 00
@10764
0a 00 00 00
@10768
04 00 00 00
@1076c
03 00 00 00
@10770
1b 00 00 00
@10774
0b 00 00 00
@10778
04 00 00 00
@1077c
01 00 00 00
@10780
0f 00 00 00
@10784
08 00 00 00
@10788
12 00 00 00
@1078c
09 00 00 00
@10790
10 00 00 00
@10794
05 00 00 00
@10798
1e 00 00 00
@1079c
05 00 00 00
@107a0
09 00 00 00
@107a4
07 00 00 00
@107a8
0a 00 00 00
@107ac
0c 00 00 00
@107b0
12 00 00 00
@107b4
0b 00 00 00
@107b8
1e 00 00 00
@107bc
09 00 00 00
@107c0
09 00 00 00
@107c4
06 00 00 00
@107c8
10 00 00 00
@107cc
04 00 00 00
@107d0
03 00 00 00
@107d4
04 00 00 00
@107d8
19 00 00 00
@107dc
07 00 00 00
@107e0
0c 00 00 00
@107e4
01 00 00 00
@107e8
17 00 00 00
@107ec
0b 00 00 00
@107f0
03 00 00 00
@107f4
09 00 00 00
@107f8
0b 00 00 00
@107fc
07 00 00 00
