
@10000
00 00 00 00 
@10004
00 00 00 00 
@10008
00 00 00 00 
@1000c
00 00 00 00 
@10010
00 00 00 00 
@10014
00 00 00 00 
@10018
00 00 00 00 
@1001c
00 00 00 00 
@10020
00 00 00 00 
@10024
00 00 00 00 
@10028
00 00 00 00 
@1002c
00 00 00 00 
@10030
00 00 00 00 
@10034
00 00 00 00 
@10038
00 00 00 00 
@1003c
00 00 00 00 
@10040
00 00 00 00 
@10044
00 00 00 00 
@10048
00 00 00 00 
@1004c
00 00 00 00 
@10050
00 00 00 00 
@10054
00 00 00 00 
@10058
00 00 00 00 
@1005c
00 00 00 00 
@10060
00 00 00 00 
@10064
00 00 00 00 
@10068
00 00 00 00 
@1006c
00 00 00 00 
@10070
00 00 00 00 
@10074
00 00 00 00 
@10078
00 00 00 00 
@1007c
00 00 00 00 
@10080
00 00 00 00 
@10084
00 00 00 00 
@10088
00 00 00 00 
@1008c
00 00 00 00 
@10090
00 00 00 00 
@10094
00 00 00 00 
@10098
00 00 00 00 
@1009c
00 00 00 00 
@100a0
00 00 00 00 
@100a4
00 00 00 00 
@100a8
00 00 00 00 
@100ac
00 00 00 00 
@100b0
00 00 00 00 
@100b4
00 00 00 00 
@100b8
00 00 00 00 
@100bc
00 00 00 00 
@100c0
00 00 00 00 
@100c4
00 00 00 00 
@100c8
00 00 00 00 
@100cc
00 00 00 00 
@100d0
00 00 00 00 
@100d4
00 00 00 00 
@100d8
00 00 00 00 
@100dc
00 00 00 00 
@100e0
00 00 00 00 
@100e4
00 00 00 00 
@100e8
00 00 00 00 
@100ec
00 00 00 00 
@100f0
00 00 00 00 
@100f4
00 00 00 00 
@100f8
00 00 00 00 
@100fc
00 00 00 00 
@10100
00 00 00 00 
@10104
00 00 00 00 
@10108
00 00 00 00 
@1010c
00 00 00 00 
@10110
00 00 00 00 
@10114
00 00 00 00 
@10118
00 00 00 00 
@1011c
00 00 00 00 
@10120
00 00 00 00 
@10124
00 00 00 00 
@10128
00 00 00 00 
@1012c
00 00 00 00 
@10130
00 00 00 00 
@10134
00 00 00 00 
@10138
00 00 00 00 
@1013c
00 00 00 00 
@10140
00 00 00 00 
@10144
00 00 00 00 
@10148
00 00 00 00 
@1014c
00 00 00 00 
@10150
00 00 00 00 
@10154
00 00 00 00 
@10158
00 00 00 00 
@1015c
00 00 00 00 
@10160
00 00 00 00 
@10164
00 00 00 00 
@10168
00 00 00 00 
@1016c
00 00 00 00 
@10170
00 00 00 00 
@10174
00 00 00 00 
@10178
00 00 00 00 
@1017c
00 00 00 00 
@10180
00 00 00 00 
@10184
00 00 00 00 
@10188
00 00 00 00 
@1018c
00 00 00 00 
@10190
00 00 00 00 
@10194
00 00 00 00 
@10198
00 00 00 00 
@1019c
00 00 00 00 
@101a0
00 00 00 00 
@101a4
00 00 00 00 
@101a8
00 00 00 00 
@101ac
00 00 00 00 
@101b0
00 00 00 00 
@101b4
00 00 00 00 
@101b8
00 00 00 00 
@101bc
00 00 00 00 
@101c0
00 00 00 00 
@101c4
00 00 00 00 
@101c8
00 00 00 00 
@101cc
00 00 00 00 
@101d0
00 00 00 00 
@101d4
00 00 00 00 
@101d8
00 00 00 00 
@101dc
00 00 00 00 
@101e0
00 00 00 00 
@101e4
00 00 00 00 
@101e8
00 00 00 00 
@101ec
00 00 00 00 
@101f0
33 33 33 00 
@101f4
00 00 00 00 
@101f8
00 00 00 00 
@101fc
00 00 00 00 
@10200
00 00 00 00 
@10204
00 00 00 00 
@10208
00 00 00 00 
@1020c
00 00 00 00 
@10210
33 33 33 00 
@10214
00 00 00 00 
@10218
00 00 00 00 
@1021c
00 00 00 00 
@10220
00 00 00 00 
@10224
00 00 00 00 
@10228
00 00 00 00 
@1022c
00 00 00 00 
@10230
00 00 00 00 
@10234
00 00 00 00 
@10238
00 00 00 00 
@1023c
00 00 00 00 
@10240
00 00 00 00 
@10244
00 00 00 00 
@10248
00 00 00 00 
@1024c
00 00 00 00 
@10250
00 00 00 00 
@10254
00 00 00 00 
@10258
00 00 00 00 
@1025c
00 00 00 00 
@10260
00 00 00 00 
@10264
00 00 00 00 
@10268
00 00 00 00 
@1026c
00 00 00 00 
@10270
00 00 00 00 
@10274
00 00 00 00 
@10278
00 00 00 00 
@1027c
00 00 00 00 
@10280
00 00 00 00 
@10284
00 00 00 00 
@10288
00 00 00 00 
@1028c
00 00 00 00 
@10290
00 00 00 00 
@10294
00 00 00 00 
@10298
00 00 00 00 
@1029c
00 00 00 00 
@102a0
00 00 00 00 
@102a4
00 00 00 00 
@102a8
00 00 00 00 
@102ac
00 00 00 00 
@102b0
00 00 00 00 
@102b4
00 00 00 00 
@102b8
00 00 00 00 
@102bc
00 00 00 00 
@102c0
00 00 00 00 
@102c4
00 00 00 00 
@102c8
00 00 00 00 
@102cc
00 00 00 00 
@102d0
00 00 00 00 
@102d4
00 00 00 00 
@102d8
00 00 00 00 
@102dc
00 00 00 00 
@102e0
00 00 00 00 
@102e4
00 00 00 00 
@102e8
00 00 00 00 
@102ec
00 00 00 00 
@102f0
00 00 00 00 
@102f4
00 00 00 00 
@102f8
00 00 00 00 
@102fc
00 00 00 00 
@10300
00 00 00 00 
@10304
00 00 00 00 
@10308
00 00 00 00 
@1030c
00 00 00 00 
@10310
00 00 00 00 
@10314
00 00 00 00 
@10318
00 00 00 00 
@1031c
00 00 00 00 
@10320
00 00 00 00 
@10324
00 00 00 00 
@10328
00 00 00 00 
@1032c
00 00 00 00 
@10330
00 00 00 00 
@10334
00 00 00 00 
@10338
00 00 00 00 
@1033c
00 00 00 00 
@10340
00 00 00 00 
@10344
00 00 00 00 
@10348
00 00 00 00 
@1034c
00 00 00 00 
@10350
00 00 00 00 
@10354
00 00 00 00 
@10358
00 00 00 00 
@1035c
00 00 00 00 
@10360
00 00 00 00 
@10364
00 00 00 00 
@10368
00 00 00 00 
@1036c
00 00 00 00 
@10370
00 00 00 00 
@10374
00 00 00 00 
@10378
00 00 00 00 
@1037c
00 00 00 00 
@10380
00 00 00 00 
@10384
00 00 00 00 
@10388
00 00 00 00 
@1038c
00 00 00 00 
@10390
00 00 00 00 
@10394
00 00 00 00 
@10398
00 00 00 00 
@1039c
00 00 00 00 
@103a0
00 00 00 00 
@103a4
00 00 00 00 
@103a8
00 00 00 00 
@103ac
00 00 00 00 
@103b0
00 00 00 00 
@103b4
00 00 00 00 
@103b8
00 00 00 00 
@103bc
00 00 00 00 
@103c0
00 00 00 00 
@103c4
00 00 00 00 
@103c8
00 00 00 00 
@103cc
00 00 00 00 
@103d0
00 00 00 00 
@103d4
00 00 00 00 
@103d8
00 00 00 00 
@103dc
00 00 00 00 
@103e0
00 00 00 00 
@103e4
00 00 00 00 
@103e8
00 00 00 00 
@103ec
00 00 00 00 
@103f0
00 00 00 00 
@103f4
00 00 00 00 
@103f8
00 00 00 00 
@103fc
00 00 00 00 
@10400
00 00 00 00 
@10404
00 00 00 00 
@10408
00 00 00 00 
@1040c
00 00 00 00 
@10410
00 00 00 00 
@10414
00 00 00 00 
@10418
00 00 00 00 
@1041c
00 00 00 00 
@10420
00 00 00 00 
@10424
00 00 00 00 
@10428
00 00 00 00 
@1042c
00 00 00 00 
@10430
00 00 00 00 
@10434
00 00 00 00 
@10438
00 00 00 00 
@1043c
00 00 00 00 
@10440
00 00 00 00 
@10444
00 00 00 00 
@10448
00 00 00 00 
@1044c
00 00 00 00 
@10450
00 00 00 00 
@10454
00 00 00 00 
@10458
00 00 00 00 
@1045c
00 00 00 00 
@10460
00 00 00 00 
@10464
00 00 00 00 
@10468
00 00 00 00 
@1046c
00 00 00 00 
@10470
00 00 00 00 
@10474
00 00 00 00 
@10478
00 00 00 00 
@1047c
00 00 00 00 
@10480
00 00 00 00 
@10484
00 00 00 00 
@10488
00 00 00 00 
@1048c
00 00 00 00 
@10490
00 00 00 00 
@10494
00 00 00 00 
@10498
00 00 00 00 
@1049c
00 00 00 00 
@104a0
00 00 00 00 
@104a4
00 00 00 00 
@104a8
00 00 00 00 
@104ac
00 00 00 00 
@104b0
00 00 00 00 
@104b4
00 00 00 00 
@104b8
00 00 00 00 
@104bc
00 00 00 00 
@104c0
00 00 00 00 
@104c4
00 00 00 00 
@104c8
00 00 00 00 
@104cc
00 00 00 00 
@104d0
00 00 00 00 
@104d4
00 00 00 00 
@104d8
00 00 00 00 
@104dc
00 00 00 00 
@104e0
00 00 00 00 
@104e4
00 00 00 00 
@104e8
00 00 00 00 
@104ec
00 00 00 00 
@104f0
00 00 00 00 
@104f4
00 00 00 00 
@104f8
00 00 00 00 
@104fc
00 00 00 00 
@10500
00 00 00 00 
@10504
00 00 30 33 
@10508
03 00 00 00 
@1050c
00 00 00 00 
@10510
00 00 00 00 
@10514
00 00 00 00 
@10518
00 00 00 00 
@1051c
00 00 00 00 
@10520
00 00 00 00 
@10524
00 00 30 33 
@10528
03 00 00 00 
@1052c
00 00 00 00 
@10530
00 00 00 00 
@10534
00 00 00 00 
@10538
00 00 00 00 
@1053c
00 00 00 00 
@10540
00 00 00 00 
@10544
00 00 30 33 
@10548
03 00 00 00 
@1054c
00 00 00 00 
@10550
00 00 00 00 
@10554
00 00 00 00 
@10558
00 00 00 00 
@1055c
00 00 00 00 
@10560
00 00 00 00 
@10564
00 00 00 00 
@10568
00 00 00 00 
@1056c
00 00 00 00 
@10570
00 00 00 00 
@10574
00 00 00 00 
@10578
00 00 00 00 
@1057c
00 00 00 00 
@10580
00 00 00 00 
@10584
00 00 00 00 
@10588
00 00 00 00 
@1058c
00 00 00 00 
@10590
00 00 00 00 
@10594
00 00 00 00 
@10598
00 00 00 00 
@1059c
00 00 00 00 
@105a0
00 00 00 00 
@105a4
00 00 00 00 
@105a8
00 00 00 00 
@105ac
00 00 00 00 
@105b0
00 00 00 00 
@105b4
00 00 00 00 
@105b8
00 00 00 00 
@105bc
00 00 00 00 
@105c0
00 00 00 00 
@105c4
00 00 00 00 
@105c8
00 00 00 00 
@105cc
00 00 00 00 
@105d0
00 00 00 00 
@105d4
00 00 00 00 
@105d8
00 00 00 00 
@105dc
00 00 00 00 
@105e0
00 00 00 00 
@105e4
00 00 00 00 
@105e8
00 00 00 00 
@105ec
00 00 00 00 
@105f0
00 00 00 00 
@105f4
00 00 00 00 
@105f8
00 00 00 00 
@105fc
00 00 00 00 
@10600
00 00 00 00 
@10604
00 00 00 00 
@10608
00 00 00 00 
@1060c
00 00 00 00 
@10610
00 00 00 00 
@10614
00 00 00 00 
@10618
00 00 00 00 
@1061c
00 00 00 00 
@10620
00 00 00 00 
@10624
00 00 00 00 
@10628
00 00 00 00 
@1062c
00 00 00 00 
@10630
00 00 00 00 
@10634
00 00 00 00 
@10638
00 00 00 00 
@1063c
00 00 00 00 
@10640
00 00 00 00 
@10644
00 00 00 00 
@10648
00 00 00 00 
@1064c
00 00 00 00 
@10650
00 00 00 00 
@10654
00 00 00 00 
@10658
00 00 00 00 
@1065c
00 00 00 00 
@10660
00 00 00 00 
@10664
00 00 00 00 
@10668
00 00 00 00 
@1066c
00 00 00 00 
@10670
00 00 00 00 
@10674
00 00 00 00 
@10678
00 00 00 00 
@1067c
00 00 00 00 
@10680
00 00 00 00 
@10684
00 00 00 00 
@10688
00 00 00 00 
@1068c
00 00 00 00 
@10690
00 00 00 00 
@10694
00 00 00 00 
@10698
00 00 00 00 
@1069c
00 00 00 00 
@106a0
00 00 00 00 
@106a4
00 00 00 00 
@106a8
00 00 00 00 
@106ac
00 00 00 00 
@106b0
00 00 00 00 
@106b4
00 00 00 00 
@106b8
00 00 00 00 
@106bc
00 00 00 00 
@106c0
00 00 00 00 
@106c4
00 00 00 00 
@106c8
00 00 00 00 
@106cc
00 00 00 00 
@106d0
00 00 00 00 
@106d4
00 00 00 00 
@106d8
00 00 00 00 
@106dc
00 00 00 00 
@106e0
00 00 00 00 
@106e4
00 00 00 00 
@106e8
00 00 00 00 
@106ec
00 00 00 00 
@106f0
00 00 00 00 
@106f4
00 00 00 00 
@106f8
00 00 00 00 
@106fc
00 00 00 00 
@10700
00 00 00 00 
@10704
00 00 00 00 
@10708
00 00 00 00 
@1070c
00 00 00 00 
@10710
00 00 00 00 
@10714
00 00 00 00 
@10718
00 00 00 00 
@1071c
00 00 00 00 
@10720
00 00 00 00 
@10724
00 00 00 00 
@10728
00 00 00 00 
@1072c
00 00 00 00 
@10730
00 00 00 00 
@10734
00 00 00 00 
@10738
00 00 00 00 
@1073c
00 00 00 00 
@10740
00 00 00 00 
@10744
00 00 00 00 
@10748
00 00 00 00 
@1074c
00 00 00 00 
@10750
00 00 00 00 
@10754
00 00 00 00 
@10758
00 00 00 00 
@1075c
00 00 00 00 
@10760
00 00 00 00 
@10764
00 00 00 00 
@10768
00 00 00 00 
@1076c
00 00 00 00 
@10770
00 00 00 00 
@10774
00 00 00 00 
@10778
00 00 00 00 
@1077c
00 00 00 00 
@10780
00 00 00 00 
@10784
00 00 00 00 
@10788
00 00 00 00 
@1078c
00 00 00 00 
@10790
00 00 00 00 
@10794
00 00 00 00 
@10798
00 00 00 00 
@1079c
00 00 00 00 
@107a0
00 00 00 00 
@107a4
00 00 00 00 
@107a8
00 00 00 00 
@107ac
00 00 00 00 
@107b0
00 00 00 00 
@107b4
00 00 00 00 
@107b8
00 00 00 00 
@107bc
00 00 00 00 
@107c0
00 00 00 00 
@107c4
00 00 00 00 
@107c8
00 00 00 00 
@107cc
00 00 00 00 
@107d0
00 00 00 00 
@107d4
00 00 00 00 
@107d8
00 00 00 00 
@107dc
00 00 00 00 
@107e0
00 00 00 00 
@107e4
00 00 00 00 
@107e8
00 00 00 00 
@107ec
00 00 00 00 
@107f0
00 00 00 00 
@107f4
00 00 00 00 
@107f8
00 00 00 00 
@107fc
00 00 00 00 
@10800
00 00 00 00 
@10804
00 00 00 00 
@10808
00 00 00 00 
@1080c
00 00 00 00 
@10810
00 00 00 00 
@10814
00 00 00 00 
@10818
00 00 00 00 
@1081c
00 00 00 00 
@10820
00 00 00 00 
@10824
00 00 00 00 
@10828
00 00 00 00 
@1082c
00 00 00 00 
@10830
00 00 00 00 
@10834
00 00 00 00 
@10838
00 00 00 00 
@1083c
00 00 00 00 
@10840
00 00 00 00 
@10844
00 00 00 00 
@10848
00 00 00 00 
@1084c
00 00 00 00 
@10850
00 00 00 00 
@10854
00 00 00 00 
@10858
00 00 00 00 
@1085c
00 00 00 00 
@10860
00 00 00 00 
@10864
00 00 00 00 
@10868
00 00 00 00 
@1086c
00 00 00 00 
@10870
00 00 00 00 
@10874
00 00 00 00 
@10878
00 00 00 00 
@1087c
00 00 00 00 
@10880
00 00 00 00 
@10884
00 00 00 00 
@10888
00 00 00 00 
@1088c
00 00 00 00 
@10890
00 00 00 00 
@10894
00 00 00 00 
@10898
00 00 00 00 
@1089c
00 00 00 00 
@108a0
00 00 00 00 
@108a4
00 00 00 00 
@108a8
00 00 00 00 
@108ac
00 00 00 00 
@108b0
00 00 00 00 
@108b4
00 00 00 00 
@108b8
00 00 00 00 
@108bc
00 00 00 00 
@108c0
00 00 00 00 
@108c4
00 00 00 00 
@108c8
00 00 00 00 
@108cc
00 00 00 00 
@108d0
00 00 00 00 
@108d4
00 00 00 00 
@108d8
00 00 00 00 
@108dc
00 00 00 00 
@108e0
00 00 00 00 
@108e4
00 00 00 00 
@108e8
00 00 00 00 
@108ec
00 00 00 00 
@108f0
00 00 00 00 
@108f4
00 00 00 00 
@108f8
00 00 00 00 
@108fc
00 00 00 00 
@10900
00 00 00 00 
@10904
00 00 00 00 
@10908
00 00 00 00 
@1090c
00 00 00 00 
@10910
00 00 00 00 
@10914
00 00 00 00 
@10918
00 00 00 00 
@1091c
00 00 00 00 
@10920
00 00 00 00 
@10924
00 00 00 00 
@10928
00 00 00 00 
@1092c
00 00 00 00 
@10930
00 00 00 00 
@10934
00 00 00 00 
@10938
00 00 00 00 
@1093c
00 00 00 00 
@10940
00 00 00 00 
@10944
00 00 00 00 
@10948
00 00 00 00 
@1094c
00 00 00 00 
@10950
00 00 00 00 
@10954
00 00 00 00 
@10958
00 00 00 00 
@1095c
00 00 00 00 
@10960
00 00 00 00 
@10964
00 00 00 00 
@10968
00 00 00 00 
@1096c
00 00 00 00 
@10970
00 00 00 00 
@10974
00 00 00 00 
@10978
00 00 00 00 
@1097c
00 00 00 00 
@10980
00 00 00 00 
@10984
00 00 00 00 
@10988
00 00 00 00 
@1098c
00 00 00 00 
@10990
00 00 00 00 
@10994
00 00 00 00 
@10998
00 00 00 00 
@1099c
00 00 00 00 
@109a0
00 00 00 00 
@109a4
00 00 00 00 
@109a8
00 00 00 00 
@109ac
00 00 00 00 
@109b0
00 00 00 00 
@109b4
00 00 00 00 
@109b8
00 00 00 00 
@109bc
00 00 00 00 
@109c0
00 00 00 00 
@109c4
00 00 00 00 
@109c8
00 00 00 00 
@109cc
00 00 00 00 
@109d0
00 00 00 00 
@109d4
00 00 00 00 
@109d8
00 00 00 00 
@109dc
00 00 00 00 
@109e0
00 00 00 00 
@109e4
00 00 00 00 
@109e8
00 00 00 00 
@109ec
00 00 00 00 
@109f0
00 00 00 00 
@109f4
00 00 00 00 
@109f8
00 00 00 00 
@109fc
00 00 00 00 
@10a00
00 00 00 00 
@10a04
00 00 00 00 
@10a08
00 00 00 00 
@10a0c
00 00 00 00 
@10a10
00 00 00 00 
@10a14
00 00 00 00 
@10a18
00 00 00 00 
@10a1c
00 00 00 00 
@10a20
00 00 00 00 
@10a24
00 00 00 00 
@10a28
00 00 00 00 
@10a2c
00 00 00 00 
@10a30
00 00 00 00 
@10a34
00 00 00 00 
@10a38
00 00 00 00 
@10a3c
00 00 00 00 
@10a40
00 00 00 00 
@10a44
00 00 00 00 
@10a48
00 00 00 00 
@10a4c
00 00 00 00 
@10a50
00 00 00 00 
@10a54
00 00 00 00 
@10a58
00 00 00 00 
@10a5c
00 00 00 00 
@10a60
00 00 00 00 
@10a64
00 00 00 00 
@10a68
00 00 00 00 
@10a6c
00 00 00 00 
@10a70
00 00 00 00 
@10a74
00 00 00 00 
@10a78
00 00 00 00 
@10a7c
00 00 00 00 
@10a80
00 00 00 00 
@10a84
00 00 00 00 
@10a88
00 00 00 00 
@10a8c
00 00 00 00 
@10a90
00 00 00 00 
@10a94
00 00 00 00 
@10a98
00 00 00 00 
@10a9c
00 00 00 00 
@10aa0
00 00 00 00 
@10aa4
00 00 00 00 
@10aa8
00 00 00 00 
@10aac
00 00 00 00 
@10ab0
00 00 00 00 
@10ab4
00 00 00 00 
@10ab8
00 00 00 00 
@10abc
00 00 00 00 
@10ac0
00 00 00 00 
@10ac4
00 00 00 00 
@10ac8
00 00 00 00 
@10acc
00 00 00 00 
@10ad0
00 00 00 00 
@10ad4
00 00 00 00 
@10ad8
00 00 00 00 
@10adc
00 00 00 00 
@10ae0
00 00 00 00 
@10ae4
00 00 00 00 
@10ae8
00 00 00 00 
@10aec
00 00 00 00 
@10af0
00 00 00 00 
@10af4
00 00 00 00 
@10af8
00 00 00 00 
@10afc
00 00 00 00 
@10b00
00 00 00 00 
@10b04
00 00 00 00 
@10b08
00 00 00 00 
@10b0c
00 00 00 00 
@10b10
00 00 00 00 
@10b14
00 00 00 00 
@10b18
00 00 00 00 
@10b1c
00 00 00 00 
@10b20
00 00 00 00 
@10b24
00 00 00 00 
@10b28
00 00 00 00 
@10b2c
00 00 00 00 
@10b30
00 00 00 00 
@10b34
00 00 00 00 
@10b38
00 00 00 00 
@10b3c
00 00 00 00 
@10b40
00 00 00 00 
@10b44
00 00 00 00 
@10b48
00 00 00 00 
@10b4c
00 00 00 00 
@10b50
00 00 00 00 
@10b54
00 00 00 00 
@10b58
00 00 00 00 
@10b5c
00 00 00 00 
@10b60
00 00 00 00 
@10b64
00 00 00 00 
@10b68
00 00 00 00 
@10b6c
00 00 00 00 
@10b70
00 00 00 00 
@10b74
00 00 00 00 
@10b78
00 00 00 00 
@10b7c
00 00 00 00 
@10b80
00 00 00 00 
@10b84
00 00 00 00 
@10b88
00 00 00 00 
@10b8c
00 00 00 00 
@10b90
00 00 00 00 
@10b94
00 00 00 00 
@10b98
00 00 00 00 
@10b9c
00 00 00 00 
@10ba0
00 00 00 00 
@10ba4
00 00 00 00 
@10ba8
00 00 00 00 
@10bac
00 00 00 00 
@10bb0
00 00 00 00 
@10bb4
00 00 00 00 
@10bb8
00 00 00 00 
@10bbc
00 00 00 00 
@10bc0
00 00 00 00 
@10bc4
00 00 00 00 
@10bc8
00 00 00 00 
@10bcc
00 00 00 00 
@10bd0
00 00 00 00 
@10bd4
00 00 00 00 
@10bd8
00 00 00 00 
@10bdc
00 00 00 00 
@10be0
00 00 00 00 
@10be4
00 00 00 00 
@10be8
00 00 00 00 
@10bec
00 00 00 00 
@10bf0
00 00 00 00 
@10bf4
00 00 00 00 
@10bf8
00 00 00 00 
@10bfc
00 00 00 00 
@10c00
00 00 00 00 
@10c04
00 00 00 00 
@10c08
00 00 00 00 
@10c0c
00 00 00 00 
@10c10
00 00 00 00 
@10c14
00 00 00 00 
@10c18
00 00 00 00 
@10c1c
00 00 00 00 
@10c20
00 00 00 00 
@10c24
00 00 00 00 
@10c28
00 00 00 00 
@10c2c
00 00 00 00 
@10c30
00 00 00 00 
@10c34
00 00 00 00 
@10c38
00 00 00 00 
@10c3c
00 00 00 00 
@10c40
00 00 00 00 
@10c44
00 00 00 00 
@10c48
00 00 00 00 
@10c4c
00 00 00 00 
@10c50
00 00 00 00 
@10c54
00 00 00 00 
@10c58
00 00 00 00 
@10c5c
00 00 00 00 
@10c60
00 00 00 00 
@10c64
00 00 00 00 
@10c68
00 00 00 00 
@10c6c
00 00 00 00 
@10c70
00 00 00 00 
@10c74
00 00 00 00 
@10c78
00 00 00 00 
@10c7c
00 00 00 00 
@10c80
00 00 00 00 
@10c84
00 00 00 00 
@10c88
00 00 00 00 
@10c8c
00 00 00 00 
@10c90
00 00 00 00 
@10c94
00 00 00 00 
@10c98
00 00 00 00 
@10c9c
00 00 00 00 
@10ca0
00 00 00 00 
@10ca4
00 00 00 00 
@10ca8
00 00 00 00 
@10cac
00 00 00 00 
@10cb0
00 00 00 00 
@10cb4
00 00 00 00 
@10cb8
00 00 00 00 
@10cbc
00 00 00 00 
@10cc0
00 00 00 00 
@10cc4
00 00 00 00 
@10cc8
00 00 00 00 
@10ccc
00 00 00 00 
@10cd0
00 00 00 00 
@10cd4
00 00 00 00 
@10cd8
00 00 00 00 
@10cdc
00 00 00 00 
@10ce0
00 00 00 00 
@10ce4
00 00 00 00 
@10ce8
00 00 00 00 
@10cec
00 00 00 00 
@10cf0
00 00 00 00 
@10cf4
00 00 00 00 
@10cf8
00 00 00 00 
@10cfc
00 00 00 00 
@10d00
00 00 00 00 
@10d04
00 00 00 00 
@10d08
00 00 00 00 
@10d0c
00 00 00 00 
@10d10
00 00 00 00 
@10d14
00 00 00 00 
@10d18
00 00 00 00 
@10d1c
00 00 00 00 
@10d20
00 00 00 00 
@10d24
00 00 00 00 
@10d28
00 00 00 00 
@10d2c
00 00 00 00 
@10d30
00 00 00 00 
@10d34
00 00 00 00 
@10d38
00 00 00 00 
@10d3c
00 00 00 00 
@10d40
00 00 00 00 
@10d44
00 00 00 00 
@10d48
00 00 00 00 
@10d4c
00 00 00 00 
@10d50
00 00 00 00 
@10d54
00 00 00 00 
@10d58
00 00 00 00 
@10d5c
00 00 00 00 
@10d60
00 00 00 00 
@10d64
00 00 00 00 
@10d68
00 00 00 00 
@10d6c
00 00 00 00 
@10d70
00 00 00 00 
@10d74
00 00 00 00 
@10d78
00 00 00 00 
@10d7c
00 00 00 00 
@10d80
00 00 00 00 
@10d84
00 00 00 00 
@10d88
00 00 00 00 
@10d8c
00 00 c0 cc 
@10d90
cc 00 00 00 
@10d94
00 00 00 00 
@10d98
00 00 00 00 
@10d9c
00 00 00 00 
@10da0
00 00 00 00 
@10da4
00 00 00 00 
@10da8
00 00 00 00 
@10dac
00 00 c0 cc 
@10db0
cc 00 00 00 
@10db4
00 00 00 00 
@10db8
00 00 00 00 
@10dbc
00 00 00 00 
@10dc0
00 00 00 00 
@10dc4
00 00 00 00 
@10dc8
00 00 00 00 
@10dcc
00 00 c0 cc 
@10dd0
cc 00 00 00 
@10dd4
00 00 00 00 
@10dd8
00 00 00 00 
@10ddc
00 00 00 00 
@10de0
00 00 00 00 
@10de4
00 00 00 00 
@10de8
00 00 00 00 
@10dec
00 00 c0 cc 
@10df0
cc 00 00 00 
@10df4
00 00 00 00 
@10df8
00 00 00 00 
@10dfc
00 00 00 00 
@10e00
00 00 00 00 
@10e04
00 00 00 00 
@10e08
00 00 00 00 
@10e0c
00 00 c0 cc 
@10e10
cc 00 00 00 
@10e14
00 00 00 00 
@10e18
00 00 00 00 
@10e1c
00 00 00 00 
@10e20
00 00 00 00 
@10e24
00 00 00 00 
@10e28
00 00 00 00 
@10e2c
00 00 c0 cc 
@10e30
cc 00 00 00 
@10e34
00 00 00 00 
@10e38
00 00 00 00 
@10e3c
00 00 00 00 
@10e40
00 00 00 00 
@10e44
00 00 00 00 
@10e48
00 00 00 00 
@10e4c
00 00 00 00 
@10e50
00 00 00 00 
@10e54
00 00 00 00 
@10e58
00 00 00 00 
@10e5c
00 00 00 00 
@10e60
00 00 00 00 
@10e64
00 00 00 00 
@10e68
00 00 00 00 
@10e6c
00 00 00 00 
@10e70
00 00 00 00 
@10e74
00 00 00 00 
@10e78
00 00 00 00 
@10e7c
00 00 00 00 
@10e80
00 00 00 00 
@10e84
00 00 00 00 
@10e88
00 00 00 00 
@10e8c
00 00 00 00 
@10e90
00 00 00 00 
@10e94
00 00 00 00 
@10e98
00 00 00 00 
@10e9c
00 00 00 00 
@10ea0
00 00 00 00 
@10ea4
00 00 00 00 
@10ea8
00 00 00 00 
@10eac
00 00 00 00 
@10eb0
00 00 00 00 
@10eb4
00 00 00 00 
@10eb8
00 00 00 00 
@10ebc
00 00 00 00 
@10ec0
00 00 00 00 
@10ec4
00 00 00 00 
@10ec8
00 00 00 00 
@10ecc
00 00 00 00 
@10ed0
00 00 00 00 
@10ed4
00 00 00 00 
@10ed8
00 00 00 00 
@10edc
00 00 00 00 
@10ee0
00 00 00 00 
@10ee4
00 00 00 00 
@10ee8
00 00 00 00 
@10eec
00 00 00 00 
@10ef0
00 00 00 00 
@10ef4
00 00 00 00 
@10ef8
00 00 00 00 
@10efc
00 00 00 00 
@10f00
00 00 00 00 
@10f04
00 00 00 00 
@10f08
00 00 00 00 
@10f0c
00 00 cc 00 
@10f10
00 00 00 00 
@10f14
00 00 00 00 
@10f18
00 00 00 00 
@10f1c
00 00 00 00 
@10f20
00 00 00 00 
@10f24
00 00 00 00 
@10f28
00 00 00 00 
@10f2c
00 00 cc 00 
@10f30
00 00 00 00 
@10f34
00 00 00 00 
@10f38
00 00 00 00 
@10f3c
00 00 00 00 
@10f40
00 00 00 00 
@10f44
00 00 00 00 
@10f48
00 00 00 00 
@10f4c
00 00 cc 00 
@10f50
00 00 00 00 
@10f54
00 00 00 00 
@10f58
00 00 00 00 
@10f5c
00 00 00 00 
@10f60
00 00 00 00 
@10f64
00 00 00 00 
@10f68
00 00 00 00 
@10f6c
00 00 cc 00 
@10f70
00 00 00 00 
@10f74
00 00 00 00 
@10f78
00 00 00 00 
@10f7c
00 00 00 00 
@10f80
00 00 00 00 
@10f84
00 00 00 00 
@10f88
00 00 00 00 
@10f8c
00 00 cc 00 
@10f90
00 00 00 00 
@10f94
00 00 00 00 
@10f98
00 00 00 00 
@10f9c
00 00 00 00 
@10fa0
00 00 00 00 
@10fa4
00 00 00 00 
@10fa8
00 00 00 00 
@10fac
00 00 cc 00 
@10fb0
00 00 00 00 
@10fb4
00 00 00 00 
@10fb8
00 00 00 00 
@10fbc
00 00 00 00 
@10fc0
00 00 00 00 
@10fc4
00 00 00 00 
@10fc8
00 00 00 00 
@10fcc
00 00 00 00 
@10fd0
00 00 00 00 
@10fd4
00 00 00 00 
@10fd8
00 00 00 00 
@10fdc
00 00 00 00 
@10fe0
00 00 00 00 
@10fe4
00 00 00 00 
@10fe8
00 00 00 00 
@10fec
00 00 00 00 
@10ff0
00 00 00 00 
@10ff4
00 00 00 00 
@10ff8
00 00 00 00 
@10ffc
00 00 00 00 
@20000
11 11 11 11 
@20004
11 11 11 11 
@20008
11 11 11 11 
@2000c
11 11 11 11 
@20010
11 11 11 11 
@20014
11 11 11 11 
@20018
11 11 11 11 
@2001c
11 11 11 11 
@20020
11 11 11 11 
@20024
11 11 11 11 
@20028
11 11 11 11 
@2002c
11 11 11 11 
@20030
11 11 11 11 
@20034
11 11 11 11 
@20038
11 11 11 11 
@2003c
11 11 11 11 
@20040
11 11 11 11 
@20044
11 11 11 11 
@20048
11 11 11 11 
@2004c
11 11 11 11 
@20050
11 11 11 11 
@20054
11 11 11 11 
@20058
11 11 11 11 
@2005c
11 11 11 11 
@20060
11 11 11 11 
@20064
11 11 11 11 
@20068
11 11 11 11 
@2006c
11 11 11 11 
@20070
11 11 11 11 
@20074
11 11 11 11 
@20078
11 11 11 11 
@2007c
11 11 11 11 
@20080
11 11 11 11 
@20084
11 11 11 11 
@20088
11 11 11 11 
@2008c
11 11 11 11 
@20090
11 11 11 11 
@20094
11 11 11 11 
@20098
11 11 11 11 
@2009c
11 11 11 11 
@200a0
11 11 11 11 
@200a4
11 11 11 11 
@200a8
11 11 11 11 
@200ac
11 11 11 11 
@200b0
11 11 11 11 
@200b4
11 11 11 11 
@200b8
11 11 11 11 
@200bc
11 11 11 11 
@200c0
11 11 11 11 
@200c4
11 11 11 11 
@200c8
11 11 11 11 
@200cc
11 11 11 11 
@200d0
11 11 11 11 
@200d4
11 11 11 11 
@200d8
11 11 11 11 
@200dc
11 11 11 11 
@200e0
11 11 11 11 
@200e4
11 11 11 11 
@200e8
11 11 11 11 
@200ec
11 11 11 11 
@200f0
11 11 11 11 
@200f4
11 11 11 11 
@200f8
11 11 11 11 
@200fc
11 11 11 11 
@20100
11 11 11 11 
@20104
11 11 11 11 
@20108
11 11 11 11 
@2010c
11 11 11 11 
@20110
11 11 11 11 
@20114
11 11 11 11 
@20118
11 11 11 11 
@2011c
11 11 11 11 
@20120
11 11 11 11 
@20124
11 11 11 11 
@20128
11 11 11 11 
@2012c
11 11 11 11 
@20130
11 11 11 11 
@20134
11 11 11 11 
@20138
11 11 11 11 
@2013c
11 11 11 11 
@20140
11 11 11 11 
@20144
11 11 11 11 
@20148
11 11 11 11 
@2014c
11 11 11 11 
@20150
11 11 11 11 
@20154
11 11 11 11 
@20158
11 11 11 11 
@2015c
11 11 11 11 
@20160
11 11 11 11 
@20164
11 11 11 11 
@20168
11 11 11 11 
@2016c
11 11 bb bb 
@20170
bb bb bb bb 
@20174
bb 11 11 11 
@20178
11 11 11 11 
@2017c
11 11 11 11 
@20180
11 11 11 11 
@20184
11 11 11 11 
@20188
11 11 11 11 
@2018c
11 11 cb cc 
@20190
cc cc cc cc 
@20194
bc 11 11 11 
@20198
11 11 11 11 
@2019c
11 11 11 11 
@201a0
11 11 11 11 
@201a4
11 11 11 11 
@201a8
11 11 11 11 
@201ac
11 11 cb dd 
@201b0
dd dd dd dd 
@201b4
bc 11 11 11 
@201b8
11 11 11 11 
@201bc
11 11 11 11 
@201c0
11 11 11 11 
@201c4
11 11 11 11 
@201c8
11 11 11 11 
@201cc
11 11 cb ed 
@201d0
ee ee ee de 
@201d4
bc 11 11 11 
@201d8
11 11 11 11 
@201dc
11 11 11 11 
@201e0
11 11 11 11 
@201e4
11 11 11 11 
@201e8
11 11 11 11 
@201ec
11 11 cb ed 
@201f0
ff ff ff de 
@201f4
bc 11 11 11 
@201f8
11 11 11 11 
@201fc
11 11 11 11 
@20200
11 11 11 11 
@20204
11 11 11 11 
@20208
11 11 11 11 
@2020c
11 11 cb ed 
@20210
ff ff ff de 
@20214
bc 11 11 11 
@20218
11 11 11 11 
@2021c
11 11 11 11 
@20220
11 11 11 11 
@20224
11 11 11 11 
@20228
11 11 11 11 
@2022c
11 11 cb ed 
@20230
ee ee ee de 
@20234
bc 11 11 11 
@20238
11 11 11 11 
@2023c
11 11 11 11 
@20240
11 11 11 11 
@20244
11 11 11 11 
@20248
11 11 11 11 
@2024c
11 11 cb dd 
@20250
dd dd dd dd 
@20254
bc 11 11 11 
@20258
11 11 11 11 
@2025c
11 11 11 11 
@20260
11 11 11 11 
@20264
11 11 11 11 
@20268
11 11 11 11 
@2026c
11 11 cb cc 
@20270
cc cc cc cc 
@20274
bc 11 11 11 
@20278
11 11 11 11 
@2027c
11 11 11 11 
@20280
11 11 11 11 
@20284
11 11 11 11 
@20288
11 11 11 11 
@2028c
11 11 bb bb 
@20290
bb bb bb bb 
@20294
bb 11 11 11 
@20298
11 11 11 11 
@2029c
11 11 11 11 
@202a0
11 11 11 11 
@202a4
11 11 11 11 
@202a8
11 11 11 11 
@202ac
11 11 11 11 
@202b0
11 11 11 11 
@202b4
11 11 11 11 
@202b8
11 11 11 11 
@202bc
11 11 11 11 
@202c0
11 11 11 11 
@202c4
11 11 11 11 
@202c8
11 11 11 11 
@202cc
11 11 11 11 
@202d0
11 11 11 11 
@202d4
11 11 11 11 
@202d8
11 11 11 11 
@202dc
11 11 11 11 
@202e0
11 11 11 11 
@202e4
11 11 11 11 
@202e8
11 11 11 11 
@202ec
11 11 11 11 
@202f0
11 11 11 11 
@202f4
11 11 11 11 
@202f8
11 11 11 11 
@202fc
11 11 11 11 
@20300
11 11 11 11 
@20304
11 11 11 11 
@20308
11 11 11 11 
@2030c
11 11 11 11 
@20310
11 11 11 11 
@20314
11 11 11 11 
@20318
11 11 11 11 
@2031c
11 11 11 11 
@20320
11 11 11 11 
@20324
11 11 11 11 
@20328
11 11 11 11 
@2032c
11 11 11 11 
@20330
11 11 11 11 
@20334
11 11 11 11 
@20338
11 11 11 11 
@2033c
11 11 11 11 
@20340
11 11 11 11 
@20344
11 11 11 11 
@20348
11 11 11 11 
@2034c
11 11 11 11 
@20350
11 11 11 11 
@20354
11 11 11 11 
@20358
11 11 11 11 
@2035c
11 11 11 11 
@20360
11 11 11 11 
@20364
11 11 11 11 
@20368
11 11 11 11 
@2036c
11 11 11 11 
@20370
11 11 11 11 
@20374
11 11 11 11 
@20378
11 11 11 11 
@2037c
11 11 11 11 
@20380
11 11 11 11 
@20384
11 11 11 11 
@20388
11 11 11 11 
@2038c
11 11 11 11 
@20390
11 11 11 11 
@20394
11 11 11 11 
@20398
11 11 11 11 
@2039c
11 11 11 11 
@203a0
11 11 11 11 
@203a4
11 11 11 11 
@203a8
11 11 11 11 
@203ac
11 11 11 11 
@203b0
11 11 11 11 
@203b4
11 11 11 11 
@203b8
11 11 11 11 
@203bc
11 11 11 11 
@203c0
11 11 11 11 
@203c4
11 11 11 11 
@203c8
11 11 11 11 
@203cc
11 11 11 11 
@203d0
11 11 11 11 
@203d4
11 11 11 11 
@203d8
11 11 11 11 
@203dc
11 11 11 11 
@203e0
11 11 11 11 
@203e4
11 11 11 11 
@203e8
11 11 11 11 
@203ec
11 11 11 11 
@203f0
11 11 11 11 
@203f4
11 11 11 11 
@203f8
11 11 11 11 
@203fc
11 11 11 11 
@20400
11 11 11 11 
@20404
11 11 11 11 
@20408
11 11 11 11 
@2040c
11 11 11 11 
@20410
11 11 11 11 
@20414
11 11 11 11 
@20418
11 11 11 11 
@2041c
11 11 11 11 
@20420
11 11 11 11 
@20424
11 11 11 11 
@20428
11 11 11 11 
@2042c
11 11 11 11 
@20430
11 11 11 11 
@20434
11 11 11 11 
@20438
11 11 11 11 
@2043c
11 11 11 11 
@20440
11 11 11 11 
@20444
11 11 11 11 
@20448
11 11 11 11 
@2044c
11 11 11 11 
@20450
11 11 11 11 
@20454
11 11 11 11 
@20458
11 11 11 11 
@2045c
11 11 11 11 
@20460
11 11 11 11 
@20464
11 11 11 11 
@20468
11 11 11 11 
@2046c
11 11 11 11 
@20470
11 11 11 11 
@20474
11 11 11 11 
@20478
11 11 11 11 
@2047c
11 11 11 11 
@20480
11 11 11 11 
@20484
b1 bb bb bb 
@20488
bb bb 1b 11 
@2048c
11 11 11 11 
@20490
11 11 11 11 
@20494
11 11 11 11 
@20498
11 11 11 11 
@2049c
11 11 11 11 
@204a0
11 11 11 11 
@204a4
b1 cc cc cc 
@204a8
cc cc 1b 11 
@204ac
11 11 11 11 
@204b0
11 11 11 11 
@204b4
11 11 11 11 
@204b8
11 11 11 11 
@204bc
11 11 11 11 
@204c0
11 11 11 11 
@204c4
b1 dc dd dd 
@204c8
dd cd 1b 11 
@204cc
11 11 11 11 
@204d0
11 11 11 11 
@204d4
11 11 11 11 
@204d8
11 11 11 11 
@204dc
11 11 11 11 
@204e0
11 11 11 11 
@204e4
b1 dc ee ee 
@204e8
ee cd 1b 11 
@204ec
11 11 11 11 
@204f0
11 11 11 11 
@204f4
11 11 11 11 
@204f8
11 11 11 11 
@204fc
11 11 11 11 
@20500
11 11 11 11 
@20504
b1 dc fe ff 
@20508
ef cd 1b 11 
@2050c
11 11 11 11 
@20510
11 11 11 11 
@20514
11 11 11 11 
@20518
11 11 11 11 
@2051c
11 11 11 11 
@20520
11 11 11 11 
@20524
b1 dc fe ff 
@20528
ef cd 1b 11 
@2052c
11 11 11 11 
@20530
11 11 11 11 
@20534
11 11 11 11 
@20538
11 11 11 11 
@2053c
11 11 11 11 
@20540
11 11 11 11 
@20544
b1 dc fe ff 
@20548
ef cd 1b 11 
@2054c
11 11 11 11 
@20550
11 11 11 11 
@20554
11 11 11 11 
@20558
11 11 11 11 
@2055c
11 11 11 11 
@20560
11 11 11 11 
@20564
b1 dc ee ee 
@20568
ee cd 1b 11 
@2056c
11 11 11 11 
@20570
11 11 11 11 
@20574
11 11 11 11 
@20578
11 11 11 11 
@2057c
11 11 11 11 
@20580
11 11 11 11 
@20584
b1 dc dd dd 
@20588
dd cd 1b 11 
@2058c
11 11 11 11 
@20590
11 11 11 11 
@20594
11 11 11 11 
@20598
11 11 11 11 
@2059c
11 11 11 11 
@205a0
11 11 11 11 
@205a4
b1 cc cc cc 
@205a8
cc cc 1b 11 
@205ac
11 11 11 11 
@205b0
11 11 11 11 
@205b4
11 11 11 11 
@205b8
11 11 11 11 
@205bc
11 11 11 11 
@205c0
11 11 11 11 
@205c4
b1 bb bb bb 
@205c8
bb bb 1b 11 
@205cc
11 11 11 11 
@205d0
11 11 11 11 
@205d4
11 11 11 11 
@205d8
11 11 11 11 
@205dc
11 11 11 11 
@205e0
11 11 11 11 
@205e4
11 11 11 11 
@205e8
11 11 11 11 
@205ec
11 11 11 11 
@205f0
11 11 11 11 
@205f4
11 11 11 11 
@205f8
11 11 11 11 
@205fc
11 11 11 11 
@20600
11 11 11 11 
@20604
11 11 11 11 
@20608
11 11 11 11 
@2060c
11 11 11 11 
@20610
11 11 11 11 
@20614
11 11 11 11 
@20618
11 11 11 11 
@2061c
11 11 11 11 
@20620
11 11 11 11 
@20624
11 11 11 11 
@20628
11 11 11 11 
@2062c
11 11 11 11 
@20630
11 11 11 11 
@20634
11 11 11 11 
@20638
11 11 11 11 
@2063c
11 11 11 11 
@20640
11 11 11 11 
@20644
11 11 11 11 
@20648
11 11 11 11 
@2064c
11 11 11 11 
@20650
11 11 11 11 
@20654
11 11 11 11 
@20658
11 11 11 11 
@2065c
11 11 11 11 
@20660
11 11 11 11 
@20664
11 11 11 11 
@20668
11 11 11 11 
@2066c
11 11 11 11 
@20670
11 11 11 11 
@20674
11 11 11 11 
@20678
11 11 11 11 
@2067c
11 11 11 11 
@20680
11 11 11 11 
@20684
11 11 11 11 
@20688
11 11 11 11 
@2068c
11 11 11 11 
@20690
11 11 11 11 
@20694
11 11 11 11 
@20698
11 11 11 11 
@2069c
11 11 11 11 
@206a0
11 11 11 11 
@206a4
11 11 11 11 
@206a8
11 11 11 11 
@206ac
11 11 11 11 
@206b0
11 11 11 11 
@206b4
11 11 11 11 
@206b8
11 11 11 11 
@206bc
11 11 11 11 
@206c0
11 11 11 11 
@206c4
11 11 11 11 
@206c8
11 11 11 11 
@206cc
11 11 11 11 
@206d0
11 11 11 11 
@206d4
11 11 11 11 
@206d8
11 11 11 11 
@206dc
11 11 11 11 
@206e0
11 11 11 11 
@206e4
11 11 11 11 
@206e8
11 11 11 11 
@206ec
11 11 11 11 
@206f0
11 11 11 11 
@206f4
11 11 11 11 
@206f8
11 11 11 11 
@206fc
11 11 11 11 
@20700
11 11 11 11 
@20704
11 11 11 11 
@20708
11 11 11 11 
@2070c
11 11 11 11 
@20710
11 11 11 11 
@20714
11 11 11 11 
@20718
11 11 11 11 
@2071c
11 11 11 11 
@20720
11 11 11 11 
@20724
11 11 11 11 
@20728
11 11 11 11 
@2072c
11 11 11 11 
@20730
11 11 11 11 
@20734
11 11 11 11 
@20738
11 11 11 11 
@2073c
11 11 11 11 
@20740
11 11 11 11 
@20744
11 11 11 11 
@20748
11 11 11 11 
@2074c
11 11 11 11 
@20750
11 11 11 11 
@20754
11 11 11 11 
@20758
11 11 11 11 
@2075c
11 11 11 11 
@20760
11 11 11 11 
@20764
11 11 11 11 
@20768
11 11 11 11 
@2076c
11 11 11 11 
@20770
11 11 11 11 
@20774
11 11 11 11 
@20778
11 11 11 11 
@2077c
11 11 11 11 
@20780
11 11 11 11 
@20784
11 11 11 11 
@20788
11 11 11 11 
@2078c
11 11 11 11 
@20790
11 11 11 11 
@20794
11 11 11 11 
@20798
11 11 11 11 
@2079c
11 11 11 11 
@207a0
11 11 11 11 
@207a4
11 11 11 11 
@207a8
11 11 11 11 
@207ac
11 11 11 11 
@207b0
11 11 11 11 
@207b4
11 11 11 11 
@207b8
11 11 11 11 
@207bc
11 11 11 11 
@207c0
11 11 11 11 
@207c4
11 11 11 11 
@207c8
11 11 11 11 
@207cc
11 11 11 11 
@207d0
11 11 11 11 
@207d4
11 11 11 11 
@207d8
11 11 11 11 
@207dc
11 11 11 11 
@207e0
11 11 11 11 
@207e4
11 11 11 11 
@207e8
11 11 11 11 
@207ec
11 11 11 11 
@207f0
11 11 11 11 
@207f4
11 11 11 11 
@207f8
11 11 11 11 
@207fc
11 11 11 11 
@20800
11 11 11 11 
@20804
11 11 11 11 
@20808
11 11 11 11 
@2080c
11 11 11 11 
@20810
11 11 11 11 
@20814
11 11 11 11 
@20818
11 11 11 11 
@2081c
11 11 11 11 
@20820
11 11 11 11 
@20824
11 11 11 11 
@20828
11 11 11 11 
@2082c
11 11 11 11 
@20830
11 11 11 11 
@20834
11 11 11 11 
@20838
11 11 11 11 
@2083c
11 11 11 11 
@20840
11 11 11 11 
@20844
11 11 11 11 
@20848
11 11 11 11 
@2084c
11 11 11 11 
@20850
11 11 11 11 
@20854
11 11 11 11 
@20858
11 11 11 11 
@2085c
11 11 11 11 
@20860
11 11 11 11 
@20864
11 11 11 11 
@20868
11 11 11 11 
@2086c
11 11 11 11 
@20870
11 11 11 11 
@20874
11 11 11 11 
@20878
11 11 11 11 
@2087c
11 11 11 11 
@20880
11 11 11 11 
@20884
11 11 11 11 
@20888
11 11 11 11 
@2088c
11 11 11 11 
@20890
11 11 11 11 
@20894
11 11 11 11 
@20898
11 11 11 11 
@2089c
11 11 11 11 
@208a0
11 11 11 11 
@208a4
11 11 11 11 
@208a8
11 11 11 11 
@208ac
11 11 11 11 
@208b0
11 11 11 11 
@208b4
11 11 11 11 
@208b8
11 11 11 11 
@208bc
11 11 11 11 
@208c0
11 11 11 11 
@208c4
11 11 11 11 
@208c8
11 11 11 11 
@208cc
11 11 11 11 
@208d0
11 11 11 11 
@208d4
11 11 11 11 
@208d8
11 11 11 11 
@208dc
11 11 11 11 
@208e0
11 11 11 11 
@208e4
11 11 11 11 
@208e8
11 11 11 11 
@208ec
11 11 11 11 
@208f0
11 11 11 11 
@208f4
11 11 11 11 
@208f8
11 11 11 11 
@208fc
11 11 11 11 
@20900
11 11 11 11 
@20904
11 11 11 11 
@20908
11 11 11 11 
@2090c
11 11 11 11 
@20910
11 11 11 11 
@20914
11 11 11 11 
@20918
11 11 11 11 
@2091c
11 11 11 11 
@20920
11 11 11 11 
@20924
11 11 11 11 
@20928
11 11 11 11 
@2092c
11 11 11 11 
@20930
11 11 11 11 
@20934
11 11 11 11 
@20938
11 11 11 11 
@2093c
11 11 11 11 
@20940
11 11 11 11 
@20944
11 11 11 11 
@20948
11 11 11 11 
@2094c
11 11 11 11 
@20950
11 11 11 11 
@20954
11 11 11 11 
@20958
11 11 11 11 
@2095c
11 11 11 11 
@20960
11 11 11 11 
@20964
11 11 11 11 
@20968
11 11 11 11 
@2096c
11 11 11 11 
@20970
11 11 11 11 
@20974
11 11 11 11 
@20978
11 11 11 11 
@2097c
11 11 11 11 
@20980
11 11 11 11 
@20984
11 11 11 11 
@20988
11 11 11 11 
@2098c
11 11 11 11 
@20990
11 11 11 11 
@20994
11 11 11 11 
@20998
11 11 11 11 
@2099c
11 11 11 11 
@209a0
11 11 11 11 
@209a4
11 11 11 11 
@209a8
11 11 11 11 
@209ac
11 11 11 11 
@209b0
11 11 11 11 
@209b4
11 11 11 11 
@209b8
11 11 11 11 
@209bc
11 11 11 11 
@209c0
11 11 11 11 
@209c4
11 11 11 11 
@209c8
11 11 11 11 
@209cc
11 11 11 11 
@209d0
11 11 11 11 
@209d4
11 11 11 11 
@209d8
11 11 11 11 
@209dc
11 11 11 11 
@209e0
11 11 11 11 
@209e4
11 11 11 11 
@209e8
11 11 11 11 
@209ec
11 11 11 11 
@209f0
11 11 11 11 
@209f4
11 11 11 11 
@209f8
11 11 11 11 
@209fc
11 11 11 11 
@20a00
11 11 11 11 
@20a04
11 11 11 11 
@20a08
11 11 11 11 
@20a0c
11 11 11 11 
@20a10
11 11 11 11 
@20a14
11 11 11 11 
@20a18
11 11 11 11 
@20a1c
11 11 11 11 
@20a20
11 11 11 11 
@20a24
11 11 11 11 
@20a28
11 11 11 11 
@20a2c
11 11 11 11 
@20a30
11 11 11 11 
@20a34
11 11 11 11 
@20a38
11 11 11 11 
@20a3c
11 11 11 11 
@20a40
11 11 11 11 
@20a44
11 11 11 11 
@20a48
11 11 11 11 
@20a4c
11 11 11 11 
@20a50
11 11 11 11 
@20a54
11 11 11 11 
@20a58
11 11 11 11 
@20a5c
11 11 11 11 
@20a60
11 11 11 11 
@20a64
11 11 11 11 
@20a68
11 11 11 11 
@20a6c
11 11 11 11 
@20a70
11 11 11 11 
@20a74
11 11 11 11 
@20a78
11 11 11 11 
@20a7c
11 11 11 11 
@20a80
11 11 11 11 
@20a84
11 11 11 11 
@20a88
11 11 11 11 
@20a8c
11 11 11 11 
@20a90
11 11 11 11 
@20a94
11 11 11 11 
@20a98
11 11 11 11 
@20a9c
11 11 11 11 
@20aa0
11 11 11 11 
@20aa4
11 11 11 11 
@20aa8
11 11 11 11 
@20aac
11 11 11 11 
@20ab0
11 11 11 11 
@20ab4
11 11 11 11 
@20ab8
11 11 11 11 
@20abc
11 11 11 11 
@20ac0
11 11 11 11 
@20ac4
11 11 11 11 
@20ac8
11 11 11 11 
@20acc
11 11 11 11 
@20ad0
11 11 11 11 
@20ad4
11 11 11 11 
@20ad8
11 11 11 11 
@20adc
11 11 11 11 
@20ae0
11 11 11 11 
@20ae4
11 11 11 11 
@20ae8
11 11 11 11 
@20aec
11 11 11 11 
@20af0
11 11 11 11 
@20af4
11 11 11 11 
@20af8
11 11 11 11 
@20afc
11 11 11 11 
@20b00
11 11 11 11 
@20b04
11 11 11 11 
@20b08
11 11 11 11 
@20b0c
11 11 11 11 
@20b10
11 11 11 11 
@20b14
11 11 11 11 
@20b18
11 11 11 11 
@20b1c
11 11 11 11 
@20b20
11 11 11 11 
@20b24
11 11 11 11 
@20b28
11 11 11 11 
@20b2c
11 11 11 11 
@20b30
11 11 11 11 
@20b34
11 11 11 11 
@20b38
11 11 11 11 
@20b3c
11 11 11 11 
@20b40
11 11 11 11 
@20b44
11 11 11 11 
@20b48
11 11 11 11 
@20b4c
11 11 11 11 
@20b50
11 11 11 11 
@20b54
11 11 11 11 
@20b58
11 11 11 11 
@20b5c
11 11 11 11 
@20b60
11 11 11 11 
@20b64
11 11 11 11 
@20b68
11 11 11 11 
@20b6c
11 11 11 11 
@20b70
11 11 11 11 
@20b74
11 11 11 11 
@20b78
11 11 11 11 
@20b7c
11 11 11 11 
@20b80
11 11 11 11 
@20b84
11 11 11 11 
@20b88
11 11 11 11 
@20b8c
11 11 11 11 
@20b90
11 11 11 11 
@20b94
11 11 11 11 
@20b98
11 11 11 11 
@20b9c
11 11 11 11 
@20ba0
11 11 11 11 
@20ba4
11 11 11 11 
@20ba8
11 11 11 11 
@20bac
11 11 11 11 
@20bb0
11 11 11 11 
@20bb4
11 11 11 11 
@20bb8
11 11 11 11 
@20bbc
11 11 11 11 
@20bc0
11 11 11 11 
@20bc4
11 11 11 11 
@20bc8
11 11 11 11 
@20bcc
11 11 11 11 
@20bd0
11 11 11 11 
@20bd4
11 11 11 11 
@20bd8
11 11 11 11 
@20bdc
11 11 11 11 
@20be0
11 11 11 11 
@20be4
11 11 11 11 
@20be8
11 11 11 11 
@20bec
11 11 11 11 
@20bf0
11 11 11 11 
@20bf4
11 11 11 11 
@20bf8
11 11 11 11 
@20bfc
11 11 11 11 
@20c00
11 11 11 11 
@20c04
11 11 11 11 
@20c08
11 11 11 11 
@20c0c
11 11 11 11 
@20c10
11 11 11 11 
@20c14
11 11 11 11 
@20c18
11 11 11 11 
@20c1c
11 11 11 11 
@20c20
11 11 11 11 
@20c24
11 11 11 11 
@20c28
11 11 11 11 
@20c2c
11 11 11 11 
@20c30
11 11 11 11 
@20c34
11 11 11 11 
@20c38
11 11 11 11 
@20c3c
11 11 11 11 
@20c40
11 11 11 11 
@20c44
11 11 11 11 
@20c48
11 11 11 11 
@20c4c
11 11 11 11 
@20c50
11 11 11 11 
@20c54
11 11 11 11 
@20c58
11 11 11 11 
@20c5c
11 11 11 11 
@20c60
11 11 11 11 
@20c64
11 11 11 11 
@20c68
11 11 11 11 
@20c6c
11 11 11 11 
@20c70
11 11 11 11 
@20c74
11 11 11 11 
@20c78
11 11 11 11 
@20c7c
11 11 11 11 
@20c80
11 11 11 11 
@20c84
11 11 11 11 
@20c88
11 11 11 11 
@20c8c
11 11 11 11 
@20c90
11 11 11 11 
@20c94
11 11 11 11 
@20c98
11 11 11 11 
@20c9c
11 11 11 11 
@20ca0
11 11 11 11 
@20ca4
11 11 11 11 
@20ca8
11 11 11 11 
@20cac
11 11 11 11 
@20cb0
11 11 11 11 
@20cb4
11 11 11 11 
@20cb8
11 11 11 11 
@20cbc
11 11 11 11 
@20cc0
11 11 11 11 
@20cc4
11 11 11 11 
@20cc8
11 11 11 11 
@20ccc
11 11 11 11 
@20cd0
11 11 11 11 
@20cd4
11 11 11 11 
@20cd8
11 11 11 11 
@20cdc
11 11 11 11 
@20ce0
11 11 11 11 
@20ce4
11 11 11 11 
@20ce8
11 11 11 11 
@20cec
11 11 11 11 
@20cf0
11 11 11 11 
@20cf4
11 11 11 11 
@20cf8
11 11 11 11 
@20cfc
11 11 11 11 
@20d00
11 11 11 11 
@20d04
11 11 11 11 
@20d08
11 11 11 11 
@20d0c
b1 bb bb bb 
@20d10
bb bb bb 11 
@20d14
11 11 11 11 
@20d18
11 11 11 11 
@20d1c
11 11 11 11 
@20d20
11 11 11 11 
@20d24
11 11 11 11 
@20d28
11 11 11 11 
@20d2c
b1 cc cc cc 
@20d30
cc cc bc 11 
@20d34
11 11 11 11 
@20d38
11 11 11 11 
@20d3c
11 11 11 11 
@20d40
11 11 11 11 
@20d44
11 11 11 11 
@20d48
11 11 11 11 
@20d4c
b1 dc dd dd 
@20d50
dd dd bc 11 
@20d54
11 11 11 11 
@20d58
11 11 11 11 
@20d5c
11 11 11 11 
@20d60
11 11 11 11 
@20d64
11 11 11 11 
@20d68
11 11 11 11 
@20d6c
b1 dc ee ee 
@20d70
ee de bc 11 
@20d74
11 11 11 11 
@20d78
11 11 11 11 
@20d7c
11 11 11 11 
@20d80
11 11 11 11 
@20d84
11 11 11 11 
@20d88
11 11 11 11 
@20d8c
b1 dc fe ff 
@20d90
ff de bc 11 
@20d94
11 11 11 11 
@20d98
11 11 11 11 
@20d9c
11 11 11 11 
@20da0
11 11 11 11 
@20da4
11 11 11 11 
@20da8
11 11 11 11 
@20dac
b1 dc fe ff 
@20db0
ff de bc 11 
@20db4
11 11 11 11 
@20db8
11 11 11 11 
@20dbc
11 11 11 11 
@20dc0
11 11 11 11 
@20dc4
11 11 11 11 
@20dc8
11 11 11 11 
@20dcc
b1 dc fe ff 
@20dd0
ff de bc 11 
@20dd4
11 11 11 11 
@20dd8
11 11 11 11 
@20ddc
11 11 11 11 
@20de0
11 11 11 11 
@20de4
11 11 11 11 
@20de8
11 11 11 11 
@20dec
b1 dc fe ff 
@20df0
ff de bc 11 
@20df4
11 11 11 11 
@20df8
11 11 11 11 
@20dfc
11 11 11 11 
@20e00
11 11 11 11 
@20e04
11 11 11 11 
@20e08
11 11 11 11 
@20e0c
b1 dc fe ff 
@20e10
ff de bc 11 
@20e14
11 11 11 11 
@20e18
11 11 11 11 
@20e1c
11 11 11 11 
@20e20
11 11 11 11 
@20e24
11 11 11 11 
@20e28
11 11 11 11 
@20e2c
b1 dc fe ff 
@20e30
ff de bc 11 
@20e34
11 11 11 11 
@20e38
11 11 11 11 
@20e3c
11 11 11 11 
@20e40
11 11 11 11 
@20e44
11 11 11 11 
@20e48
11 11 11 11 
@20e4c
b1 dc ee ee 
@20e50
ee de bc 11 
@20e54
11 11 11 11 
@20e58
11 11 11 11 
@20e5c
11 11 11 11 
@20e60
11 11 11 11 
@20e64
11 11 11 11 
@20e68
11 11 11 11 
@20e6c
b1 dc dd dd 
@20e70
dd dd bc 11 
@20e74
11 11 11 11 
@20e78
11 11 11 11 
@20e7c
11 11 11 11 
@20e80
11 11 11 11 
@20e84
11 11 11 11 
@20e88
11 11 11 11 
@20e8c
bb cc cc cc 
@20e90
cc cc bc 11 
@20e94
11 11 11 11 
@20e98
11 11 11 11 
@20e9c
11 11 11 11 
@20ea0
11 11 11 11 
@20ea4
11 11 11 11 
@20ea8
11 11 11 11 
@20eac
bb bb bb bb 
@20eb0
bb bb bb 11 
@20eb4
11 11 11 11 
@20eb8
11 11 11 11 
@20ebc
11 11 11 11 
@20ec0
11 11 11 11 
@20ec4
11 11 11 11 
@20ec8
11 11 11 11 
@20ecc
cb dd dd dd 
@20ed0
bc 11 11 11 
@20ed4
11 11 11 11 
@20ed8
11 11 11 11 
@20edc
11 11 11 11 
@20ee0
11 11 11 11 
@20ee4
11 11 11 11 
@20ee8
11 11 11 11 
@20eec
cb ed ee de 
@20ef0
bc 11 11 11 
@20ef4
11 11 11 11 
@20ef8
11 11 11 11 
@20efc
11 11 11 11 
@20f00
11 11 11 11 
@20f04
11 11 11 11 
@20f08
11 11 11 11 
@20f0c
cb ed ff de 
@20f10
bc 11 11 11 
@20f14
11 11 11 11 
@20f18
11 11 11 11 
@20f1c
11 11 11 11 
@20f20
11 11 11 11 
@20f24
11 11 11 11 
@20f28
11 11 11 11 
@20f2c
cb ed ff de 
@20f30
bc 11 11 11 
@20f34
11 11 11 11 
@20f38
11 11 11 11 
@20f3c
11 11 11 11 
@20f40
11 11 11 11 
@20f44
11 11 11 11 
@20f48
11 11 11 11 
@20f4c
cb ed ff de 
@20f50
bc 11 11 11 
@20f54
11 11 11 11 
@20f58
11 11 11 11 
@20f5c
11 11 11 11 
@20f60
11 11 11 11 
@20f64
11 11 11 11 
@20f68
11 11 11 11 
@20f6c
cb ed ff de 
@20f70
bc 11 11 11 
@20f74
11 11 11 11 
@20f78
11 11 11 11 
@20f7c
11 11 11 11 
@20f80
11 11 11 11 
@20f84
11 11 11 11 
@20f88
11 11 11 11 
@20f8c
cb ed ff de 
@20f90
bc 11 11 11 
@20f94
11 11 11 11 
@20f98
11 11 11 11 
@20f9c
11 11 11 11 
@20fa0
11 11 11 11 
@20fa4
11 11 11 11 
@20fa8
11 11 11 11 
@20fac
cb ed ff de 
@20fb0
bc 11 11 11 
@20fb4
11 11 11 11 
@20fb8
11 11 11 11 
@20fbc
11 11 11 11 
@20fc0
11 11 11 11 
@20fc4
11 11 11 11 
@20fc8
11 11 11 11 
@20fcc
cb ed ee de 
@20fd0
bc 11 11 11 
@20fd4
11 11 11 11 
@20fd8
11 11 11 11 
@20fdc
11 11 11 11 
@20fe0
11 11 11 11 
@20fe4
11 11 11 11 
@20fe8
11 11 11 11 
@20fec
cb dd dd dd 
@20ff0
bc 11 11 11 
@20ff4
11 11 11 11 
@20ff8
11 11 11 11 
@20ffc
11 11 11 11 