10910
14132
7091
15457
16928
7630
3500
5153
13701
3039
20374
18899
23649
6441
3847
1049
2964
18878
3589
9626
18151
12290
10610
11069
7004
2372
3588
5457
13365
7147
6691
3678
10163
7464
6396
11539
12552
2905
6218
2390
3235
21816
2838
4804
4615
24472
5840
9340
1517
7222
3576
2627
9621
2788
9436
9742
3039
14907
11330
22742
22320
7602
7334
23067
20853
5126
10445
1769
7215
22589
6684
2534
10917
4622
11000
8599
18071
8980
14135
7052
4201
8903
5796
6801
9705
5463
17670
13237
8171
6717
15422
10870
15142
10312