56
5
-9
124
-64
55
-47
-42
50
45
53
99
-44
-76
125
-109
-44
127
-60
66
-42
23
78
-19
-66
124
-61
92
-53
-111
82
-115
120
33
-31
53
-20
-54
120
-95
88
36
-83
-52
-43
-86
-32
-121
27
15
-69
24
74
-82
24
-19
63
60
28
99
-2
96
92
-95
66
93
-15
84
-98
58
126
-53
-121
-45
-117
-91
-37
-50
-10
-25
-46
120
-103
-79
-72
-125
63
-82
-19
29
-125
91
-114
-95
22
-115
96
45
-32
99
-124
59
-79
-113
-43
30
30
-84
68
-85
115
-56
-53
112
-97
-67
-92
-117
-68
-94
-41
48
-53
56
-61
46
-104
-54
-13
68
-15
52
-34
-44
19
-49
95
101
-111
73
-2
-3
114
-75
84
13
47
11
-18
-75
-14
-112
35
5
-37
114
-71
50
-22
-74
84
94
-78
-20
103
-92
123
-77
105
50
34
70
-119
-96
-60
-101
78
110
-48
62
-65
67
-50
-87
92
3
96
7
58
97
-116
-58
-6
67
-95
123
-92
53
-108
-42
65
4
55
111
31
77
99
-123
-11
74
-56
20
8
-33
37
-126
55
9
4
27
-96
89
28
-58
45
88
-53
62
-97
0
-51
-125
110
114
3
37
-3
57
-109
107
-4
35
-58
-35
-66
-101
-2
-128
-14
57
-87
113
-20
9
38
-113
123
111
97
117
-14
105
14
-35
-34
87
-75
67
-88
36
25
-115
43
75
-103
-21
-74
-48
-38
-62
60
81
-36
70
76
-126
86
-66
-20
61
-92
-56
-83
-82
58
-114
-18
73
-43
74
-64
37
20
-3
-10
51
-42
74
-102
107
-16
-77
-72
45
0
-15
17
-62
53
-25
59
68
32
114
1
16
-70
-89
-123
121
-115
-32
113
-107
95
-50
100
120
-72
-28
-22
-16
-111
-118
78
28
-30
77
-84
102
116
-49
-68
65
-58
-61
-28
-70
8
-53
81
112
-117
20
-47
-128
64
-23
-77
79
-98
36
-115
2
-8
-89
-88
-33
30
-126
94
-45
70
-26
-25
27
-33
-9
-21
-7
-114
-79
18
52
-70
59
-95
19
15
-44
44
9
-126
10
-4
0
-30
-121
93
72
75
-103
90
-74
113
-5
45
32
-69
37
-21
-108
18
-70
80
77
-32
105
-39
113
-58
66
112
66
-62
28
-89
-88
-53
-59
36
88
-113
67
-79
-2
-115
-104
81
31
73
33
56
60
-28
-93
18
77
16
124
-117
88
-19
-94
26
82
24
102
-105
63
-114
-91
87
50
76
105
-79
-116
125
-120
79
86
-115
26
-69
-68
73
-80
120
77
38
26
-128
-64
-118
-124
-20
24
-90
4
-40
-75
41
-81
103
38
-126
-4
-72
-104
51
-124
-64
93
-106
-125
-76
-113
101
-47
97
68
100
97
-123
-48
-98
-54
84
82
-32
-3
-127
-56
-6
-85
-32
87
-45
-15
-67
-30
-92
-71
58
53
-76
88
-15
-23
-11
-42
119
34
29
99
-77
-15
127
-107
-10
41
-61
-82
5
-60
77
-120
0
59
-2
86
-71
83
-83
42
-127
118
-68
34
-41
-75
79
-42
50
91
-114
-20
-54
-20
-71
-63
35
56
-12
117
-119
122
-70
-1
119
32
-13
15
-71
-76
-42
-92
111
58
-17
121
-86
25
-62
-70
21
46
-49
-119
-27
-88
123
-13
88
39
-125
93
21
-82
35
-40
118
108
61
66
41
118
75
-119
5
32
-38
0
-102
-11
-79
-95
-68
39
-124
-62
29
-42
115
-78
33
49
5
-13
27
-65
102
-102
57
5
-12
77
-93
-34
-44
-22
51
0
-90
38
-90
-47
11
-66
3
90
2
119
-36
63
86
-103
-22
101
-95
-117
23
-59
127
-121
-11
75
-110
61
-61
-127
-23
-117
105
77
39
61
-114
64
-119
-23
102
17
-71
-48
-47
-100
26
-62
46
76
-93
35
-75
-59
10
-105
87
28
-50
-16
-25
-104
85
-51
1
117
-86
40
-83
-22
66
-69
77
69
-18
-123
97
-92
107
-98