24
-27
23
28
-32
23
-15
-10
21
3
-12
20
29
-13
18
13
-28
-30
-10
-9
-18
13
-12
31
-14
-19
-21
-15
-29
-4
30
28
1
21
24
1
12
-22
24
1
13
-20
-11
10
0
-25
-8
4
-22
14
27
-8
-5
-17
-8
13
-4
3
30
0
31
28
-4
1
17
-12
-30
-3
-2
26
30
-21
-25
-13
22
7
-5
-18
-21
5
28
-26
29
-9
-10
-11
-28
18
24
-29
-14
24
31
14
-7
17
-29
-5
-18
1
-10
-19
13
-3
0
3
-28
27
17
-17
0
13
-11
-2
-28
11
19
-24
-2
12
-21
16
4
-21
-1
29
28
2
-8
-22
-29
14
-9
16
-21
24
-13
-17
19
-28
-2
-12
17
20
18
21
-1
5
30
29
-15
-23
14
21
-12
-19
18
-16
15
-21
-5
18
25
18
3
-27
10
22
-12
-2
27
19
18
12
7
4
2
-26
-23
0
-28
-5
9
18
-16
30
31
-29
-18
14
-18
9
0
-25
-4
-29
-20
-26
26
1
4
21
-12
-10
1
27
26
-29
-31
-28
3
-27
-1
-19
23
15
-21
22
18
-7
4
-32
-29
-27
-24
-1
-24
-12
5
-30
21
-22
23
-23
0
-7
-28
-5
-4
-26
-1
-32
-21
30
-19
-29
13
-8
25
0
17
-2
0
20
3
8
-13
11
29
25
14
18
-29
5
28
3
30
-32
30
-5
-26
-3
-5
-14
-5
8
-11
-23
-32
-18
9
17
12
-23
6
-17
18
25
27
15
18
9
1
21
-18
-3
-7
-19
-2
-9
8
4
21
-29
22
-16
11
-21
-7
11
-6
-30
-4
-26
-20
-30
-10
30
28
-15
13
14
26
-18
4
-24
12
29
-11
-22
-12
29
14
-23
-32
5
-6
11
16
19
-10
-22
22
19
-15
-30
21
7
-32
17
24
13
0
18
27
-28
26
7
-31
-16
17
-11
-19
0
-1
-18
-27
25
25
21
12
-16
-32
2
-29
-15
4
24
24
4
10
16
-15
-22
2
-19
-18
-4
20
-17
12
6
4
26
-26
-29
-24
-21
28
-31
-32
9
-15
-32
-21
-12
-15
16
-19
-23
-12
23
25
6
-31
-5
19
-17
24
7
-2
4
-19
-30
-2
-13
-26
6
-2
-30
8
-1
11
25
-1
23
-18
17
7
-5
26
27
-14
20
1
-13
-17
-12
2
-25
28
-32
12
-23
-30
-22
-3
-24
17
27
-21
-7
-6
22
-14
26
13
0
11
-12
27
5
-16
-19
-7
17
0
9
-26
-30
16
-30
-30
-4
-21
-27
7
8
-19
-8
4
-8
17
30
-17
-29
24
28
4
3
-15
-1
-23
1
13
2
-14
-19
-21
-8
-16
28
-6
-14
-8
6
-9
31
-18
5
-9
18
29
-24
17
-20
-20
9
-23
16
-19
-6
-17
-10
27
28
24
-19
-22
-28
6
-6
-32
-32
12
-8
6
-28
-8
21
9
15
7
6
24
-8
19
-28
-30
28
20
-17
-10
-29
5
-15
-32
-3
-2
-22
1
-28
4
1
-27
-16
26
11
-12
-14
0
29
-31
-24
4
25
0
-9
29
2
-13
17
17
9
21
-10
26
21
20
-8
31
-11
-3
3
23
2
19
17
-19
-24
-29
14
-27
-28
22
9
30
-10
-32
27
25
-13
13
10
28
2
-31
22
-9
21
-17
-10
-22
12
25
-31
-18
12
18
-5
20
21
-23
26
26
31
3
24
-10
4
19
-17
23
0
25
20
-30
26
10
-7
15
25
15
26
5
8
27
19
-11
14
-17
-23
3
-8
-29
-3
-8
7
-11
14
-21
-23
29
-30
9
22
22
12
17
1
-27
0
-6
21
-6
-32
-3
-10
19
18
-28
-30
28
7
-5
31
-27
19
6
-6
1
17
3
-2
20
-19
-12
10
25
-27
-21
30
6
6
19
-32
6
-15
-10
-7
-29
-6
-4
31
-30
23
31
-25
10
5
1
-21
-9
-27
9
-21
-14
29
21
-21
-29
-31
-23
9
7
29
9
-19
-18
-32
6
-15
-6
-30
-15
-4
25
-16
3
3
21
-27
14
-20
-22
-9
-9
-4
-11
-19
7
-8
-18
16
-31
21
13
10
-30
27
10
8
-19
-27
11
-2
1
4
14
-27
16
25
-12
25
-24
3
-24
25
-12
-22
-9
-22
-18
-25
-18
-22
-30
-22
29
-22
6
-7
6
-22
13
-15
13
-23
-10
13
13
13
2
-16
2
-3
28
-7
2
-7
-31
-24
25
-24
-6
-2
-6
-24
10
24
10
19
1
28
10
28
15
-20
-18
-20
-2
-2
-2
-20
-13
29
-13
-19
-20
-27
-13
-27
-32
23
22
23
17
25
17
23
5
-7
-11
-7
27
-6
27
-7
12
15
12
-23
-8
-26
12
-26
-4
0
-9
0
7
-19
7
0
-1
-17
-1
-6
-30
8
-1
8
-5
-2
-5
-13
-22
-32
-5
-32
25
21
-13
21
7
-7
7
21
-12
-27
-12
-23
-15
-15
-12
-15
0
0
18
0
12
12
12
0
-1
-21
10
-21
12
2
12
-21
